A_1 = Applicative{
  baseMonoid = M_1
  pure 0 = (0,0)
  liftA2 (,) ((0,0)) ((0,0)) = (0,(0,0))
  liftA2 (,) ((0,0)) ((1,0)) = (1,(0,0))
  liftA2 (,) ((0,0)) ((2,0)) = (2,(0,0))
  liftA2 (,) ((1,0)) ((0,0)) = (1,(0,0))
  liftA2 (,) ((1,0)) ((1,0)) = (0,(0,0))
  liftA2 (,) ((1,0)) ((2,0)) = (2,(0,0))
  liftA2 (,) ((2,0)) ((0,0)) = (2,(0,0))
  liftA2 (,) ((2,0)) ((1,0)) = (2,(0,0))
  liftA2 (,) ((2,0)) ((2,0)) = (2,(0,0))
}
A_2 = Applicative{
  baseMonoid = M_2
  pure 0 = (0,0)
  liftA2 (,) ((0,0)) ((0,0)) = (0,(0,0))
  liftA2 (,) ((0,0)) ((1,0)) = (1,(0,0))
  liftA2 (,) ((0,0)) ((2,0)) = (2,(0,0))
  liftA2 (,) ((1,0)) ((0,0)) = (1,(0,0))
  liftA2 (,) ((1,0)) ((1,0)) = (1,(0,0))
  liftA2 (,) ((1,0)) ((2,0)) = (1,(0,0))
  liftA2 (,) ((2,0)) ((0,0)) = (2,(0,0))
  liftA2 (,) ((2,0)) ((1,0)) = (1,(0,0))
  liftA2 (,) ((2,0)) ((2,0)) = (1,(0,0))
}
A_3 = Applicative{
  baseMonoid = M_3
  pure 0 = (0,0)
  liftA2 (,) ((0,0)) ((0,0)) = (0,(0,0))
  liftA2 (,) ((0,0)) ((1,0)) = (1,(0,0))
  liftA2 (,) ((0,0)) ((2,0)) = (2,(0,0))
  liftA2 (,) ((1,0)) ((0,0)) = (1,(0,0))
  liftA2 (,) ((1,0)) ((1,0)) = (1,(0,0))
  liftA2 (,) ((1,0)) ((2,0)) = (1,(0,0))
  liftA2 (,) ((2,0)) ((0,0)) = (2,(0,0))
  liftA2 (,) ((2,0)) ((1,0)) = (1,(0,0))
  liftA2 (,) ((2,0)) ((2,0)) = (2,(0,0))
}
A_4 = Applicative{
  baseMonoid = M_4
  pure 0 = (0,0)
  liftA2 (,) ((0,0)) ((0,0)) = (0,(0,0))
  liftA2 (,) ((0,0)) ((1,0)) = (1,(0,0))
  liftA2 (,) ((0,0)) ((2,0)) = (2,(0,0))
  liftA2 (,) ((1,0)) ((0,0)) = (1,(0,0))
  liftA2 (,) ((1,0)) ((1,0)) = (1,(0,0))
  liftA2 (,) ((1,0)) ((2,0)) = (1,(0,0))
  liftA2 (,) ((2,0)) ((0,0)) = (2,(0,0))
  liftA2 (,) ((2,0)) ((1,0)) = (2,(0,0))
  liftA2 (,) ((2,0)) ((2,0)) = (2,(0,0))
}
A_5 = Applicative{
  baseMonoid = M_5
  pure 0 = (0,0)
  liftA2 (,) ((0,0)) ((0,0)) = (0,(0,0))
  liftA2 (,) ((0,0)) ((1,0)) = (1,(0,0))
  liftA2 (,) ((0,0)) ((2,0)) = (2,(0,0))
  liftA2 (,) ((1,0)) ((0,0)) = (1,(0,0))
  liftA2 (,) ((1,0)) ((1,0)) = (1,(0,0))
  liftA2 (,) ((1,0)) ((2,0)) = (2,(0,0))
  liftA2 (,) ((2,0)) ((0,0)) = (2,(0,0))
  liftA2 (,) ((2,0)) ((1,0)) = (1,(0,0))
  liftA2 (,) ((2,0)) ((2,0)) = (2,(0,0))
}
A_6 = Applicative{
  baseMonoid = M_6
  pure 0 = (0,0)
  liftA2 (,) ((0,0)) ((0,0)) = (0,(0,0))
  liftA2 (,) ((0,0)) ((1,0)) = (1,(0,0))
  liftA2 (,) ((0,0)) ((2,0)) = (2,(0,0))
  liftA2 (,) ((1,0)) ((0,0)) = (1,(0,0))
  liftA2 (,) ((1,0)) ((1,0)) = (2,(0,0))
  liftA2 (,) ((1,0)) ((2,0)) = (0,(0,0))
  liftA2 (,) ((2,0)) ((0,0)) = (2,(0,0))
  liftA2 (,) ((2,0)) ((1,0)) = (0,(0,0))
  liftA2 (,) ((2,0)) ((2,0)) = (1,(0,0))
}
A_7 = Applicative{
  baseMonoid = M_7
  pure 0 = (0,0)
  liftA2 (,) ((0,0)) ((0,0)) = (0,(0,0))
  liftA2 (,) ((0,0)) ((1,0)) = (1,(0,0))
  liftA2 (,) ((0,0)) ((2,0)) = (2,(0,0))
  liftA2 (,) ((1,0)) ((0,0)) = (1,(0,0))
  liftA2 (,) ((1,0)) ((1,0)) = (1,(0,0))
  liftA2 (,) ((1,0)) ((2,0)) = (2,(0,0))
  liftA2 (,) ((2,0)) ((0,0)) = (2,(0,0))
  liftA2 (,) ((2,0)) ((1,0)) = (2,(0,0))
  liftA2 (,) ((2,0)) ((2,0)) = (1,(0,0))
}
