[1,3]
(0,[(0,[0]),(1,[0,1,2]),(1,[0,1,2]),(1,[0,0,0]),(1,[0,0,0]),(1,[0,0,0]),(1,[0,0,0]),(1,[0,0,0]),(1,[0,0,0]),(1,[0,0,0])])
(0,[(0,[0]),(1,[0,1,2]),(1,[0,1,2]),(1,[0,0,0]),(1,[0,0,0]),(1,[0,0,0]),(1,[0,1,2]),(1,[0,1,2]),(1,[0,1,2]),(1,[0,1,2])])
(0,[(0,[0]),(1,[0,1,2]),(1,[0,1,2]),(1,[0,0,0]),(1,[0,0,0]),(1,[0,0,0]),(1,[0,3,4]),(1,[0,0,0]),(1,[0,0,0]),(1,[0,0,0])])
(0,[(0,[0]),(1,[0,1,2]),(1,[0,1,2]),(1,[0,0,0]),(1,[0,0,4]),(1,[0,0,0]),(1,[0,0,0]),(1,[0,0,0]),(1,[0,0,0]),(1,[0,0,0])])
(0,[(0,[0]),(1,[0,1,2]),(1,[0,1,2]),(1,[0,0,0]),(1,[0,0,4]),(1,[0,0,0]),(1,[0,0,2]),(1,[0,0,2]),(1,[0,0,2]),(1,[0,0,2])])
(0,[(0,[0]),(1,[0,1,2]),(1,[0,1,2]),(1,[0,0,0]),(1,[0,0,4]),(1,[0,0,0]),(1,[0,0,4]),(1,[0,0,0]),(1,[0,0,6]),(1,[0,0,0])])
(0,[(0,[0]),(1,[0,1,2]),(1,[0,1,2]),(1,[0,0,0]),(1,[0,0,4]),(1,[0,0,0]),(1,[0,1,2]),(1,[0,1,2]),(1,[0,1,2]),(1,[0,1,2])])
(0,[(0,[0]),(1,[0,1,2]),(1,[0,1,2]),(1,[0,0,0]),(1,[0,0,4]),(1,[0,0,0]),(1,[0,3,4]),(1,[0,0,0]),(1,[0,0,6]),(1,[0,0,0])])
(0,[(0,[0]),(1,[0,1,2]),(1,[0,1,2]),(1,[0,0,0]),(1,[0,0,4]),(1,[0,0,0]),(1,[0,4,4]),(1,[0,0,0]),(1,[0,6,6]),(1,[0,0,0])])
(0,[(0,[0]),(1,[0,1,2]),(1,[0,1,2]),(1,[0,0,0]),(1,[0,1,4]),(1,[0,0,0]),(1,[0,0,0]),(1,[0,0,0]),(1,[0,0,0]),(1,[0,0,0])])
(0,[(0,[0]),(1,[0,1,2]),(1,[0,1,2]),(1,[0,0,0]),(1,[0,1,4]),(1,[0,0,0]),(1,[0,0,2]),(1,[0,0,2]),(1,[0,0,2]),(1,[0,0,2])])
(0,[(0,[0]),(1,[0,1,2]),(1,[0,1,2]),(1,[0,0,0]),(1,[0,1,4]),(1,[0,0,0]),(1,[0,0,4]),(1,[0,0,0]),(1,[0,0,6]),(1,[0,0,0])])
(0,[(0,[0]),(1,[0,1,2]),(1,[0,1,2]),(1,[0,0,0]),(1,[0,1,4]),(1,[0,0,0]),(1,[0,1,2]),(1,[0,1,2]),(1,[0,1,2]),(1,[0,1,2])])
(0,[(0,[0]),(1,[0,1,2]),(1,[0,1,2]),(1,[0,0,0]),(1,[0,1,4]),(1,[0,0,0]),(1,[0,3,4]),(1,[0,0,0]),(1,[0,3,6]),(1,[0,0,0])])
(0,[(0,[0]),(1,[0,1,2]),(1,[0,1,2]),(1,[0,0,0]),(1,[0,1,4]),(1,[0,0,0]),(1,[0,4,4]),(1,[0,0,0]),(1,[0,6,6]),(1,[0,0,0])])
(0,[(0,[0]),(1,[0,1,2]),(1,[0,1,2]),(1,[0,0,0]),(1,[0,4,0]),(1,[0,0,0]),(1,[0,0,0]),(1,[0,0,0]),(1,[0,0,0]),(1,[0,0,0])])
(0,[(0,[0]),(1,[0,1,2]),(1,[0,1,2]),(1,[0,0,0]),(1,[0,4,0]),(1,[0,0,0]),(1,[0,1,2]),(1,[0,1,2]),(1,[0,1,2]),(1,[0,1,2])])
(0,[(0,[0]),(1,[0,1,2]),(1,[0,1,2]),(1,[0,0,0]),(1,[0,4,4]),(1,[0,0,0]),(1,[0,0,0]),(1,[0,0,0]),(1,[0,0,0]),(1,[0,0,0])])
(0,[(0,[0]),(1,[0,1,2]),(1,[0,1,2]),(1,[0,0,0]),(1,[0,4,4]),(1,[0,0,0]),(1,[0,0,2]),(1,[0,0,2]),(1,[0,0,2]),(1,[0,0,2])])
(0,[(0,[0]),(1,[0,1,2]),(1,[0,1,2]),(1,[0,0,0]),(1,[0,4,4]),(1,[0,0,0]),(1,[0,0,4]),(1,[0,0,0]),(1,[0,0,6]),(1,[0,0,0])])
(0,[(0,[0]),(1,[0,1,2]),(1,[0,1,2]),(1,[0,0,0]),(1,[0,4,4]),(1,[0,0,0]),(1,[0,1,2]),(1,[0,1,2]),(1,[0,1,2]),(1,[0,1,2])])
(0,[(0,[0]),(1,[0,1,2]),(1,[0,1,2]),(1,[0,0,0]),(1,[0,4,4]),(1,[0,0,0]),(1,[0,3,4]),(1,[0,0,0]),(1,[0,6,6]),(1,[0,0,0])])
(0,[(0,[0]),(1,[0,1,2]),(1,[0,1,2]),(1,[0,0,0]),(1,[0,4,4]),(1,[0,0,0]),(1,[0,4,4]),(1,[0,0,0]),(1,[0,6,6]),(1,[0,0,0])])
(0,[(0,[0]),(1,[0,1,2]),(1,[0,1,2]),(1,[0,0,1]),(1,[0,0,4]),(1,[0,0,0]),(1,[0,0,0]),(1,[0,0,0]),(1,[0,0,0]),(1,[0,0,0])])
(0,[(0,[0]),(1,[0,1,2]),(1,[0,1,2]),(1,[0,0,1]),(1,[0,0,4]),(1,[0,0,0]),(1,[0,1,2]),(1,[0,1,2]),(1,[0,1,2]),(1,[0,1,2])])
(0,[(0,[0]),(1,[0,1,2]),(1,[0,1,2]),(1,[0,0,1]),(1,[0,0,4]),(1,[0,0,0]),(1,[0,3,4]),(1,[0,0,3]),(1,[0,0,6]),(1,[0,0,0])])
(0,[(0,[0]),(1,[0,1,2]),(1,[0,1,2]),(1,[0,0,1]),(1,[0,4,0]),(1,[0,0,0]),(1,[0,0,0]),(1,[0,0,0]),(1,[0,0,0]),(1,[0,0,0])])
(0,[(0,[0]),(1,[0,1,2]),(1,[0,1,2]),(1,[0,0,1]),(1,[0,4,0]),(1,[0,0,0]),(1,[0,1,2]),(1,[0,1,2]),(1,[0,1,2]),(1,[0,1,2])])
(0,[(0,[0]),(1,[0,1,2]),(1,[0,1,2]),(1,[0,0,1]),(1,[0,4,4]),(1,[0,0,0]),(1,[0,0,0]),(1,[0,0,0]),(1,[0,0,0]),(1,[0,0,0])])
(0,[(0,[0]),(1,[0,1,2]),(1,[0,1,2]),(1,[0,0,1]),(1,[0,4,4]),(1,[0,0,0]),(1,[0,1,2]),(1,[0,1,2]),(1,[0,1,2]),(1,[0,1,2])])
(0,[(0,[0]),(1,[0,1,2]),(1,[0,1,2]),(1,[0,0,2]),(1,[0,0,4]),(1,[0,0,4]),(1,[0,0,0]),(1,[0,0,0]),(1,[0,0,0]),(1,[0,0,0])])
(0,[(0,[0]),(1,[0,1,2]),(1,[0,1,2]),(1,[0,0,2]),(1,[0,0,4]),(1,[0,0,4]),(1,[0,0,2]),(1,[0,0,2]),(1,[0,0,2]),(1,[0,0,2])])
(0,[(0,[0]),(1,[0,1,2]),(1,[0,1,2]),(1,[0,0,2]),(1,[0,0,4]),(1,[0,0,4]),(1,[0,0,4]),(1,[0,0,4]),(1,[0,0,6]),(1,[0,0,6])])
(0,[(0,[0]),(1,[0,1,2]),(1,[0,1,2]),(1,[0,0,2]),(1,[0,0,4]),(1,[0,0,4]),(1,[0,1,2]),(1,[0,1,2]),(1,[0,1,2]),(1,[0,1,2])])
(0,[(0,[0]),(1,[0,1,2]),(1,[0,1,2]),(1,[0,0,2]),(1,[0,0,4]),(1,[0,0,4]),(1,[0,3,4]),(1,[0,0,4]),(1,[0,0,6]),(1,[0,0,6])])
(0,[(0,[0]),(1,[0,1,2]),(1,[0,1,2]),(1,[0,0,2]),(1,[0,1,4]),(1,[0,0,4]),(1,[0,0,0]),(1,[0,0,0]),(1,[0,0,0]),(1,[0,0,0])])
(0,[(0,[0]),(1,[0,1,2]),(1,[0,1,2]),(1,[0,0,2]),(1,[0,1,4]),(1,[0,0,4]),(1,[0,0,2]),(1,[0,0,2]),(1,[0,0,2]),(1,[0,0,2])])
(0,[(0,[0]),(1,[0,1,2]),(1,[0,1,2]),(1,[0,0,2]),(1,[0,1,4]),(1,[0,0,4]),(1,[0,0,4]),(1,[0,0,4]),(1,[0,0,6]),(1,[0,0,6])])
(0,[(0,[0]),(1,[0,1,2]),(1,[0,1,2]),(1,[0,0,2]),(1,[0,1,4]),(1,[0,0,4]),(1,[0,1,2]),(1,[0,1,2]),(1,[0,1,2]),(1,[0,1,2])])
(0,[(0,[0]),(1,[0,1,2]),(1,[0,1,2]),(1,[0,0,2]),(1,[0,1,4]),(1,[0,0,4]),(1,[0,3,4]),(1,[0,0,4]),(1,[0,3,6]),(1,[0,0,6])])
(0,[(0,[0]),(1,[0,1,2]),(1,[0,1,2]),(1,[0,0,2]),(1,[0,4,4]),(1,[0,0,4]),(1,[0,0,0]),(1,[0,0,0]),(1,[0,0,0]),(1,[0,0,0])])
(0,[(0,[0]),(1,[0,1,2]),(1,[0,1,2]),(1,[0,0,2]),(1,[0,4,4]),(1,[0,0,4]),(1,[0,0,2]),(1,[0,0,2]),(1,[0,0,2]),(1,[0,0,2])])
(0,[(0,[0]),(1,[0,1,2]),(1,[0,1,2]),(1,[0,0,2]),(1,[0,4,4]),(1,[0,0,4]),(1,[0,0,4]),(1,[0,0,4]),(1,[0,0,6]),(1,[0,0,6])])
(0,[(0,[0]),(1,[0,1,2]),(1,[0,1,2]),(1,[0,0,2]),(1,[0,4,4]),(1,[0,0,4]),(1,[0,1,2]),(1,[0,1,2]),(1,[0,1,2]),(1,[0,1,2])])
(0,[(0,[0]),(1,[0,1,2]),(1,[0,1,2]),(1,[0,0,4]),(1,[0,0,4]),(1,[0,0,6]),(1,[0,0,4]),(1,[0,0,6]),(1,[0,0,6]),(1,[0,0,8])])
(0,[(0,[0]),(1,[0,1,2]),(1,[0,1,2]),(1,[0,0,4]),(1,[0,0,4]),(1,[0,0,6]),(1,[0,3,4]),(1,[0,0,6]),(1,[0,0,6]),(1,[0,0,8])])
(0,[(0,[0]),(1,[0,1,2]),(1,[0,1,2]),(1,[0,0,4]),(1,[0,0,4]),(1,[0,0,6]),(1,[2,2,4]),(1,[2,2,6]),(1,[2,2,6]),(1,[2,2,8])])
(0,[(0,[0]),(1,[0,1,2]),(1,[0,1,2]),(1,[0,0,4]),(1,[0,0,4]),(1,[0,0,6]),(1,[2,3,4]),(1,[2,2,6]),(1,[2,2,6]),(1,[2,2,8])])
(0,[(0,[0]),(1,[0,1,2]),(1,[0,1,2]),(1,[0,0,4]),(1,[0,1,4]),(1,[0,0,6]),(1,[0,0,4]),(1,[0,0,6]),(1,[0,0,6]),(1,[0,0,8])])
(0,[(0,[0]),(1,[0,1,2]),(1,[0,1,2]),(1,[0,0,4]),(1,[0,1,4]),(1,[0,0,6]),(1,[0,3,4]),(1,[0,0,6]),(1,[0,3,6]),(1,[0,0,8])])
(0,[(0,[0]),(1,[0,1,2]),(1,[0,1,2]),(1,[0,0,4]),(1,[0,3,4]),(1,[0,0,6]),(1,[0,0,4]),(1,[0,0,6]),(1,[0,0,6]),(1,[0,0,8])])
(0,[(0,[0]),(1,[0,1,2]),(1,[0,1,2]),(1,[0,0,4]),(1,[0,3,4]),(1,[0,0,6]),(1,[2,2,4]),(1,[2,2,6]),(1,[2,2,6]),(1,[2,2,8])])
(0,[(0,[0]),(1,[0,1,2]),(1,[0,1,2]),(1,[0,0,4]),(1,[0,3,4]),(1,[0,0,6]),(1,[2,3,4]),(1,[2,2,6]),(1,[2,5,6]),(1,[2,2,8])])
(0,[(0,[0]),(1,[0,1,2]),(1,[0,1,2]),(1,[0,0,4]),(1,[0,4,4]),(1,[0,0,6]),(1,[0,0,4]),(1,[0,0,6]),(1,[0,0,6]),(1,[0,0,8])])
(0,[(0,[0]),(1,[0,1,2]),(1,[0,1,2]),(1,[0,0,4]),(1,[0,4,4]),(1,[0,0,6]),(1,[2,2,4]),(1,[2,2,6]),(1,[2,2,6]),(1,[2,2,8])])
(0,[(0,[0]),(1,[0,1,2]),(1,[0,1,2]),(1,[0,1,0]),(1,[0,0,0]),(1,[0,0,0]),(1,[0,1,1]),(1,[0,1,1]),(1,[0,1,1]),(1,[0,1,1])])
(0,[(0,[0]),(1,[0,1,2]),(1,[0,1,2]),(1,[0,1,0]),(1,[0,0,4]),(1,[0,0,0]),(1,[0,0,0]),(1,[0,0,0]),(1,[0,0,0]),(1,[0,0,0])])
(0,[(0,[0]),(1,[0,1,2]),(1,[0,1,2]),(1,[0,1,0]),(1,[0,0,4]),(1,[0,0,0]),(1,[0,0,2]),(1,[0,0,2]),(1,[0,0,2]),(1,[0,0,2])])
(0,[(0,[0]),(1,[0,1,2]),(1,[0,1,2]),(1,[0,1,0]),(1,[0,0,4]),(1,[0,0,0]),(1,[0,0,4]),(1,[0,0,0]),(1,[0,0,6]),(1,[0,0,0])])
(0,[(0,[0]),(1,[0,1,2]),(1,[0,1,2]),(1,[0,1,0]),(1,[0,0,4]),(1,[0,0,0]),(1,[0,1,1]),(1,[0,1,1]),(1,[0,1,1]),(1,[0,1,1])])
(0,[(0,[0]),(1,[0,1,2]),(1,[0,1,2]),(1,[0,1,0]),(1,[0,0,4]),(1,[0,0,0]),(1,[0,1,2]),(1,[0,1,2]),(1,[0,1,2]),(1,[0,1,2])])
(0,[(0,[0]),(1,[0,1,2]),(1,[0,1,2]),(1,[0,1,0]),(1,[0,0,4]),(1,[0,0,0]),(1,[0,3,2]),(1,[0,3,2]),(1,[0,0,2]),(1,[0,0,2])])
(0,[(0,[0]),(1,[0,1,2]),(1,[0,1,2]),(1,[0,1,0]),(1,[0,0,4]),(1,[0,0,0]),(1,[0,3,3]),(1,[0,3,3]),(1,[0,0,0]),(1,[0,0,0])])
(0,[(0,[0]),(1,[0,1,2]),(1,[0,1,2]),(1,[0,1,0]),(1,[0,0,4]),(1,[0,0,0]),(1,[0,3,4]),(1,[0,3,0]),(1,[0,0,6]),(1,[0,0,0])])
(0,[(0,[0]),(1,[0,1,2]),(1,[0,1,2]),(1,[0,1,0]),(1,[0,1,1]),(1,[0,1,1]),(1,[0,0,0]),(1,[0,0,0]),(1,[0,0,0]),(1,[0,0,0])])
(0,[(0,[0]),(1,[0,1,2]),(1,[0,1,2]),(1,[0,1,0]),(1,[0,1,1]),(1,[0,1,1]),(1,[0,1,1]),(1,[0,1,1]),(1,[0,1,1]),(1,[0,1,1])])
(0,[(0,[0]),(1,[0,1,2]),(1,[0,1,2]),(1,[0,1,0]),(1,[0,1,1]),(1,[0,1,1]),(1,[0,1,2]),(1,[0,1,2]),(1,[0,1,2]),(1,[0,1,2])])
(0,[(0,[0]),(1,[0,1,2]),(1,[0,1,2]),(1,[0,1,0]),(1,[0,1,4]),(1,[0,1,0]),(1,[0,0,0]),(1,[0,0,0]),(1,[0,0,0]),(1,[0,0,0])])
(0,[(0,[0]),(1,[0,1,2]),(1,[0,1,2]),(1,[0,1,0]),(1,[0,1,4]),(1,[0,1,0]),(1,[0,0,2]),(1,[0,0,2]),(1,[0,0,2]),(1,[0,0,2])])
(0,[(0,[0]),(1,[0,1,2]),(1,[0,1,2]),(1,[0,1,0]),(1,[0,1,4]),(1,[0,1,0]),(1,[0,0,4]),(1,[0,0,0]),(1,[0,0,6]),(1,[0,0,0])])
(0,[(0,[0]),(1,[0,1,2]),(1,[0,1,2]),(1,[0,1,0]),(1,[0,1,4]),(1,[0,1,0]),(1,[0,1,2]),(1,[0,1,2]),(1,[0,1,2]),(1,[0,1,2])])
(0,[(0,[0]),(1,[0,1,2]),(1,[0,1,2]),(1,[0,1,0]),(1,[0,4,4]),(1,[0,0,0]),(1,[0,0,0]),(1,[0,0,0]),(1,[0,0,0]),(1,[0,0,0])])
(0,[(0,[0]),(1,[0,1,2]),(1,[0,1,2]),(1,[0,1,0]),(1,[0,4,4]),(1,[0,0,0]),(1,[0,0,2]),(1,[0,0,2]),(1,[0,0,2]),(1,[0,0,2])])
(0,[(0,[0]),(1,[0,1,2]),(1,[0,1,2]),(1,[0,1,0]),(1,[0,4,4]),(1,[0,0,0]),(1,[0,0,4]),(1,[0,0,0]),(1,[0,0,6]),(1,[0,0,0])])
(0,[(0,[0]),(1,[0,1,2]),(1,[0,1,2]),(1,[0,1,0]),(1,[0,4,4]),(1,[0,0,0]),(1,[0,1,2]),(1,[0,1,2]),(1,[0,1,2]),(1,[0,1,2])])
(0,[(0,[0]),(1,[0,1,2]),(1,[0,1,2]),(1,[0,1,0]),(1,[0,4,4]),(1,[0,0,0]),(1,[0,3,4]),(1,[0,3,0]),(1,[0,6,6]),(1,[0,0,0])])
(0,[(0,[0]),(1,[0,1,2]),(1,[0,1,2]),(1,[0,1,0]),(1,[0,4,4]),(1,[0,0,0]),(1,[0,4,4]),(1,[0,0,0]),(1,[0,6,6]),(1,[0,0,0])])
(0,[(0,[0]),(1,[0,1,2]),(1,[0,1,2]),(1,[0,1,1]),(1,[0,0,0]),(1,[0,0,0]),(1,[0,1,1]),(1,[0,1,1]),(1,[0,1,1]),(1,[0,1,1])])
(0,[(0,[0]),(1,[0,1,2]),(1,[0,1,2]),(1,[0,1,1]),(1,[0,0,4]),(1,[0,0,0]),(1,[0,1,1]),(1,[0,1,1]),(1,[0,1,1]),(1,[0,1,1])])
(0,[(0,[0]),(1,[0,1,2]),(1,[0,1,2]),(1,[0,1,1]),(1,[0,1,1]),(1,[0,1,1]),(1,[0,0,0]),(1,[0,0,0]),(1,[0,0,0]),(1,[0,0,0])])
(0,[(0,[0]),(1,[0,1,2]),(1,[0,1,2]),(1,[0,1,1]),(1,[0,1,1]),(1,[0,1,1]),(1,[0,1,1]),(1,[0,1,1]),(1,[0,1,1]),(1,[0,1,1])])
(0,[(0,[0]),(1,[0,1,2]),(1,[0,1,2]),(1,[0,1,1]),(1,[0,1,1]),(1,[0,1,1]),(1,[0,1,2]),(1,[0,1,2]),(1,[0,1,2]),(1,[0,1,2])])
(0,[(0,[0]),(1,[0,1,2]),(1,[0,1,2]),(1,[0,1,1]),(1,[0,1,4]),(1,[0,1,1]),(1,[0,0,0]),(1,[0,0,0]),(1,[0,0,0]),(1,[0,0,0])])
(0,[(0,[0]),(1,[0,1,2]),(1,[0,1,2]),(1,[0,1,1]),(1,[0,1,4]),(1,[0,1,1]),(1,[0,1,1]),(1,[0,1,1]),(1,[0,1,1]),(1,[0,1,1])])
(0,[(0,[0]),(1,[0,1,2]),(1,[0,1,2]),(1,[0,1,1]),(1,[0,1,4]),(1,[0,1,1]),(1,[0,1,2]),(1,[0,1,2]),(1,[0,1,2]),(1,[0,1,2])])
(0,[(0,[0]),(1,[0,1,2]),(1,[0,1,2]),(1,[0,1,1]),(1,[0,4,4]),(1,[0,0,0]),(1,[0,0,0]),(1,[0,0,0]),(1,[0,0,0]),(1,[0,0,0])])
(0,[(0,[0]),(1,[0,1,2]),(1,[0,1,2]),(1,[0,1,1]),(1,[0,4,4]),(1,[0,0,0]),(1,[0,1,2]),(1,[0,1,2]),(1,[0,1,2]),(1,[0,1,2])])
(0,[(0,[0]),(1,[0,1,2]),(1,[0,1,2]),(1,[0,1,1]),(1,[0,4,4]),(1,[0,0,0]),(1,[0,3,4]),(1,[0,3,3]),(1,[0,6,6]),(1,[0,0,0])])
(0,[(0,[0]),(1,[0,1,2]),(1,[0,1,2]),(1,[0,1,2]),(1,[0,0,0]),(1,[0,0,0]),(1,[0,1,1]),(1,[0,1,1]),(1,[0,1,1]),(1,[0,1,1])])
(0,[(0,[0]),(1,[0,1,2]),(1,[0,1,2]),(1,[0,1,2]),(1,[0,0,1]),(1,[0,0,1]),(1,[0,0,0]),(1,[0,0,0]),(1,[0,0,0]),(1,[0,0,0])])
(0,[(0,[0]),(1,[0,1,2]),(1,[0,1,2]),(1,[0,1,2]),(1,[0,0,1]),(1,[0,0,1]),(1,[0,1,2]),(1,[0,1,2]),(1,[0,1,2]),(1,[0,1,2])])
(0,[(0,[0]),(1,[0,1,2]),(1,[0,1,2]),(1,[0,1,2]),(1,[0,0,4]),(1,[0,0,4]),(1,[0,0,2]),(1,[0,0,2]),(1,[0,0,2]),(1,[0,0,2])])
(0,[(0,[0]),(1,[0,1,2]),(1,[0,1,2]),(1,[0,1,2]),(1,[0,0,4]),(1,[0,0,4]),(1,[0,0,4]),(1,[0,0,4]),(1,[0,0,6]),(1,[0,0,6])])
(0,[(0,[0]),(1,[0,1,2]),(1,[0,1,2]),(1,[0,1,2]),(1,[0,0,4]),(1,[0,0,4]),(1,[0,1,4]),(1,[0,1,4]),(1,[0,1,6]),(1,[0,1,6])])
(0,[(0,[0]),(1,[0,1,2]),(1,[0,1,2]),(1,[0,1,2]),(1,[0,0,4]),(1,[0,0,4]),(1,[0,3,2]),(1,[0,3,2]),(1,[0,0,2]),(1,[0,0,2])])
(0,[(0,[0]),(1,[0,1,2]),(1,[0,1,2]),(1,[0,1,2]),(1,[0,0,4]),(1,[0,0,4]),(1,[0,3,4]),(1,[0,3,4]),(1,[0,0,6]),(1,[0,0,6])])
(0,[(0,[0]),(1,[0,1,2]),(1,[0,1,2]),(1,[0,1,2]),(1,[0,1,1]),(1,[0,1,1]),(1,[0,0,0]),(1,[0,0,0]),(1,[0,0,0]),(1,[0,0,0])])
(0,[(0,[0]),(1,[0,1,2]),(1,[0,1,2]),(1,[0,1,2]),(1,[0,1,1]),(1,[0,1,1]),(1,[0,1,1]),(1,[0,1,1]),(1,[0,1,1]),(1,[0,1,1])])
(0,[(0,[0]),(1,[0,1,2]),(1,[0,1,2]),(1,[0,1,2]),(1,[0,1,1]),(1,[0,1,1]),(1,[0,1,2]),(1,[0,1,2]),(1,[0,1,2]),(1,[0,1,2])])
(0,[(0,[0]),(1,[0,1,2]),(1,[0,1,2]),(1,[0,1,2]),(1,[0,1,2]),(1,[0,1,2]),(1,[0,1,2]),(1,[0,1,2]),(1,[0,1,2]),(1,[0,1,2])])
(0,[(0,[0]),(1,[0,1,2]),(1,[0,1,2]),(1,[0,1,2]),(1,[0,1,4]),(1,[0,1,4]),(1,[0,0,0]),(1,[0,0,0]),(1,[0,0,0]),(1,[0,0,0])])
(0,[(0,[0]),(1,[0,1,2]),(1,[0,1,2]),(1,[0,1,2]),(1,[0,1,4]),(1,[0,1,4]),(1,[0,0,2]),(1,[0,0,2]),(1,[0,0,2]),(1,[0,0,2])])
(0,[(0,[0]),(1,[0,1,2]),(1,[0,1,2]),(1,[0,1,2]),(1,[0,1,4]),(1,[0,1,4]),(1,[0,0,4]),(1,[0,0,4]),(1,[0,0,6]),(1,[0,0,6])])
(0,[(0,[0]),(1,[0,1,2]),(1,[0,1,2]),(1,[0,1,2]),(1,[0,1,4]),(1,[0,1,4]),(1,[0,1,1]),(1,[0,1,1]),(1,[0,1,1]),(1,[0,1,1])])
(0,[(0,[0]),(1,[0,1,2]),(1,[0,1,2]),(1,[0,1,2]),(1,[0,1,4]),(1,[0,1,4]),(1,[0,1,2]),(1,[0,1,2]),(1,[0,1,2]),(1,[0,1,2])])
(0,[(0,[0]),(1,[0,1,2]),(1,[0,1,2]),(1,[0,1,2]),(1,[0,1,4]),(1,[0,1,4]),(1,[0,1,4]),(1,[0,1,4]),(1,[0,1,6]),(1,[0,1,6])])
(0,[(0,[0]),(1,[0,1,2]),(1,[0,1,2]),(1,[0,1,2]),(1,[0,1,4]),(1,[0,1,4]),(1,[0,3,4]),(1,[0,3,4]),(1,[0,3,6]),(1,[0,3,6])])
(0,[(0,[0]),(1,[0,1,2]),(1,[0,1,2]),(1,[0,1,2]),(1,[0,4,4]),(1,[0,4,4]),(1,[0,0,2]),(1,[0,0,2]),(1,[0,0,2]),(1,[0,0,2])])
(0,[(0,[0]),(1,[0,1,2]),(1,[0,1,2]),(1,[0,1,2]),(1,[0,4,4]),(1,[0,4,4]),(1,[0,0,4]),(1,[0,0,4]),(1,[0,0,6]),(1,[0,0,6])])
(0,[(0,[0]),(1,[0,1,2]),(1,[0,1,2]),(1,[0,1,4]),(1,[0,0,4]),(1,[0,0,6]),(1,[0,0,4]),(1,[0,0,6]),(1,[0,0,6]),(1,[0,0,8])])
(0,[(0,[0]),(1,[0,1,2]),(1,[0,1,2]),(1,[0,1,4]),(1,[0,0,4]),(1,[0,0,6]),(1,[0,1,4]),(1,[0,1,6]),(1,[0,1,6]),(1,[0,1,8])])
(0,[(0,[0]),(1,[0,1,2]),(1,[0,1,2]),(1,[0,1,4]),(1,[0,0,4]),(1,[0,0,6]),(1,[0,3,4]),(1,[0,3,6]),(1,[0,0,6]),(1,[0,0,8])])
(0,[(0,[0]),(1,[0,1,2]),(1,[0,1,2]),(1,[0,1,4]),(1,[0,0,4]),(1,[0,0,6]),(1,[2,2,4]),(1,[2,2,6]),(1,[2,2,6]),(1,[2,2,8])])
(0,[(0,[0]),(1,[0,1,2]),(1,[0,1,2]),(1,[0,1,4]),(1,[0,0,4]),(1,[0,0,6]),(1,[2,3,4]),(1,[2,3,6]),(1,[2,2,6]),(1,[2,2,8])])
(0,[(0,[0]),(1,[0,1,2]),(1,[0,1,2]),(1,[0,1,4]),(1,[0,1,4]),(1,[0,1,6]),(1,[0,0,4]),(1,[0,0,6]),(1,[0,0,6]),(1,[0,0,8])])
(0,[(0,[0]),(1,[0,1,2]),(1,[0,1,2]),(1,[0,1,4]),(1,[0,1,4]),(1,[0,1,6]),(1,[0,1,4]),(1,[0,1,6]),(1,[0,1,6]),(1,[0,1,8])])
(0,[(0,[0]),(1,[0,1,2]),(1,[0,1,2]),(1,[0,1,4]),(1,[0,1,4]),(1,[0,1,6]),(1,[0,3,4]),(1,[0,3,6]),(1,[0,3,6]),(1,[0,3,8])])
(0,[(0,[0]),(1,[0,1,2]),(1,[0,1,2]),(1,[0,1,4]),(1,[0,2,4]),(1,[0,2,6]),(1,[0,3,4]),(1,[0,3,6]),(1,[0,4,6]),(1,[0,4,8])])
(0,[(0,[0]),(1,[0,1,2]),(1,[0,1,2]),(1,[0,1,4]),(1,[0,3,4]),(1,[0,3,6]),(1,[0,0,4]),(1,[0,0,6]),(1,[0,0,6]),(1,[0,0,8])])
(0,[(0,[0]),(1,[0,1,2]),(1,[0,1,2]),(1,[0,1,4]),(1,[0,3,4]),(1,[0,3,6]),(1,[0,1,4]),(1,[0,1,6]),(1,[0,1,6]),(1,[0,1,8])])
(0,[(0,[0]),(1,[0,1,2]),(1,[0,1,2]),(1,[0,1,4]),(1,[0,3,4]),(1,[0,3,6]),(1,[2,2,4]),(1,[2,2,6]),(1,[2,2,6]),(1,[2,2,8])])
(0,[(0,[0]),(1,[0,1,2]),(1,[0,1,2]),(1,[0,1,4]),(1,[0,4,4]),(1,[0,6,6]),(1,[0,0,4]),(1,[0,0,6]),(1,[0,0,6]),(1,[0,0,8])])
(0,[(0,[0]),(1,[0,1,2]),(1,[0,1,2]),(1,[0,1,4]),(1,[0,4,4]),(1,[0,6,6]),(1,[2,2,4]),(1,[2,2,6]),(1,[2,2,6]),(1,[2,2,8])])
